[form_title.jpg]
filters=Pixelate=1,150.000000,9.000000,0.000000;
moddate=80638f0533dbcc01
width=437
height=101
textactive=0
